{
 "cells": [
  {
   "cell_type": "markdown",
   "metadata": {},
   "source": [
    "### 1. 제5장의 wine data를 이용하여 linear, quadratic 그리고 naive Bayesian을 적용하여 그 결과를 비교하고 해석하라."
   ]
  },
  {
   "cell_type": "code",
   "execution_count": 3,
   "metadata": {},
   "outputs": [],
   "source": [
    "import numpy as np\n",
    "import pandas as pd\n",
    "\n",
    "dat_wine = pd.read_csv('https://archive.ics.uci.edu/ml/machine-learning-databases/wine/wine.data', header=None)"
   ]
  },
  {
   "cell_type": "code",
   "execution_count": 4,
   "metadata": {},
   "outputs": [
    {
     "data": {
      "text/html": [
       "<div>\n",
       "<style scoped>\n",
       "    .dataframe tbody tr th:only-of-type {\n",
       "        vertical-align: middle;\n",
       "    }\n",
       "\n",
       "    .dataframe tbody tr th {\n",
       "        vertical-align: top;\n",
       "    }\n",
       "\n",
       "    .dataframe thead th {\n",
       "        text-align: right;\n",
       "    }\n",
       "</style>\n",
       "<table border=\"1\" class=\"dataframe\">\n",
       "  <thead>\n",
       "    <tr style=\"text-align: right;\">\n",
       "      <th></th>\n",
       "      <th>0</th>\n",
       "      <th>1</th>\n",
       "      <th>2</th>\n",
       "      <th>3</th>\n",
       "      <th>4</th>\n",
       "      <th>5</th>\n",
       "      <th>6</th>\n",
       "      <th>7</th>\n",
       "      <th>8</th>\n",
       "      <th>9</th>\n",
       "      <th>10</th>\n",
       "      <th>11</th>\n",
       "      <th>12</th>\n",
       "      <th>13</th>\n",
       "    </tr>\n",
       "  </thead>\n",
       "  <tbody>\n",
       "    <tr>\n",
       "      <th>0</th>\n",
       "      <td>1</td>\n",
       "      <td>14.23</td>\n",
       "      <td>1.71</td>\n",
       "      <td>2.43</td>\n",
       "      <td>15.6</td>\n",
       "      <td>127</td>\n",
       "      <td>2.80</td>\n",
       "      <td>3.06</td>\n",
       "      <td>0.28</td>\n",
       "      <td>2.29</td>\n",
       "      <td>5.64</td>\n",
       "      <td>1.04</td>\n",
       "      <td>3.92</td>\n",
       "      <td>1065</td>\n",
       "    </tr>\n",
       "    <tr>\n",
       "      <th>1</th>\n",
       "      <td>1</td>\n",
       "      <td>13.20</td>\n",
       "      <td>1.78</td>\n",
       "      <td>2.14</td>\n",
       "      <td>11.2</td>\n",
       "      <td>100</td>\n",
       "      <td>2.65</td>\n",
       "      <td>2.76</td>\n",
       "      <td>0.26</td>\n",
       "      <td>1.28</td>\n",
       "      <td>4.38</td>\n",
       "      <td>1.05</td>\n",
       "      <td>3.40</td>\n",
       "      <td>1050</td>\n",
       "    </tr>\n",
       "    <tr>\n",
       "      <th>2</th>\n",
       "      <td>1</td>\n",
       "      <td>13.16</td>\n",
       "      <td>2.36</td>\n",
       "      <td>2.67</td>\n",
       "      <td>18.6</td>\n",
       "      <td>101</td>\n",
       "      <td>2.80</td>\n",
       "      <td>3.24</td>\n",
       "      <td>0.30</td>\n",
       "      <td>2.81</td>\n",
       "      <td>5.68</td>\n",
       "      <td>1.03</td>\n",
       "      <td>3.17</td>\n",
       "      <td>1185</td>\n",
       "    </tr>\n",
       "    <tr>\n",
       "      <th>3</th>\n",
       "      <td>1</td>\n",
       "      <td>14.37</td>\n",
       "      <td>1.95</td>\n",
       "      <td>2.50</td>\n",
       "      <td>16.8</td>\n",
       "      <td>113</td>\n",
       "      <td>3.85</td>\n",
       "      <td>3.49</td>\n",
       "      <td>0.24</td>\n",
       "      <td>2.18</td>\n",
       "      <td>7.80</td>\n",
       "      <td>0.86</td>\n",
       "      <td>3.45</td>\n",
       "      <td>1480</td>\n",
       "    </tr>\n",
       "    <tr>\n",
       "      <th>4</th>\n",
       "      <td>1</td>\n",
       "      <td>13.24</td>\n",
       "      <td>2.59</td>\n",
       "      <td>2.87</td>\n",
       "      <td>21.0</td>\n",
       "      <td>118</td>\n",
       "      <td>2.80</td>\n",
       "      <td>2.69</td>\n",
       "      <td>0.39</td>\n",
       "      <td>1.82</td>\n",
       "      <td>4.32</td>\n",
       "      <td>1.04</td>\n",
       "      <td>2.93</td>\n",
       "      <td>735</td>\n",
       "    </tr>\n",
       "  </tbody>\n",
       "</table>\n",
       "</div>"
      ],
      "text/plain": [
       "   0      1     2     3     4    5     6     7     8     9     10    11    12  \\\n",
       "0   1  14.23  1.71  2.43  15.6  127  2.80  3.06  0.28  2.29  5.64  1.04  3.92   \n",
       "1   1  13.20  1.78  2.14  11.2  100  2.65  2.76  0.26  1.28  4.38  1.05  3.40   \n",
       "2   1  13.16  2.36  2.67  18.6  101  2.80  3.24  0.30  2.81  5.68  1.03  3.17   \n",
       "3   1  14.37  1.95  2.50  16.8  113  3.85  3.49  0.24  2.18  7.80  0.86  3.45   \n",
       "4   1  13.24  2.59  2.87  21.0  118  2.80  2.69  0.39  1.82  4.32  1.04  2.93   \n",
       "\n",
       "     13  \n",
       "0  1065  \n",
       "1  1050  \n",
       "2  1185  \n",
       "3  1480  \n",
       "4   735  "
      ]
     },
     "execution_count": 4,
     "metadata": {},
     "output_type": "execute_result"
    }
   ],
   "source": [
    "dat_wine.head()"
   ]
  },
  {
   "cell_type": "code",
   "execution_count": 5,
   "metadata": {},
   "outputs": [
    {
     "data": {
      "text/html": [
       "<div>\n",
       "<style scoped>\n",
       "    .dataframe tbody tr th:only-of-type {\n",
       "        vertical-align: middle;\n",
       "    }\n",
       "\n",
       "    .dataframe tbody tr th {\n",
       "        vertical-align: top;\n",
       "    }\n",
       "\n",
       "    .dataframe thead th {\n",
       "        text-align: right;\n",
       "    }\n",
       "</style>\n",
       "<table border=\"1\" class=\"dataframe\">\n",
       "  <thead>\n",
       "    <tr style=\"text-align: right;\">\n",
       "      <th></th>\n",
       "      <th>0</th>\n",
       "      <th>1</th>\n",
       "      <th>2</th>\n",
       "      <th>3</th>\n",
       "      <th>4</th>\n",
       "      <th>5</th>\n",
       "      <th>6</th>\n",
       "      <th>7</th>\n",
       "      <th>8</th>\n",
       "      <th>9</th>\n",
       "      <th>10</th>\n",
       "      <th>11</th>\n",
       "      <th>12</th>\n",
       "      <th>13</th>\n",
       "    </tr>\n",
       "  </thead>\n",
       "  <tbody>\n",
       "    <tr>\n",
       "      <th>173</th>\n",
       "      <td>3</td>\n",
       "      <td>13.71</td>\n",
       "      <td>5.65</td>\n",
       "      <td>2.45</td>\n",
       "      <td>20.5</td>\n",
       "      <td>95</td>\n",
       "      <td>1.68</td>\n",
       "      <td>0.61</td>\n",
       "      <td>0.52</td>\n",
       "      <td>1.06</td>\n",
       "      <td>7.7</td>\n",
       "      <td>0.64</td>\n",
       "      <td>1.74</td>\n",
       "      <td>740</td>\n",
       "    </tr>\n",
       "    <tr>\n",
       "      <th>174</th>\n",
       "      <td>3</td>\n",
       "      <td>13.40</td>\n",
       "      <td>3.91</td>\n",
       "      <td>2.48</td>\n",
       "      <td>23.0</td>\n",
       "      <td>102</td>\n",
       "      <td>1.80</td>\n",
       "      <td>0.75</td>\n",
       "      <td>0.43</td>\n",
       "      <td>1.41</td>\n",
       "      <td>7.3</td>\n",
       "      <td>0.70</td>\n",
       "      <td>1.56</td>\n",
       "      <td>750</td>\n",
       "    </tr>\n",
       "    <tr>\n",
       "      <th>175</th>\n",
       "      <td>3</td>\n",
       "      <td>13.27</td>\n",
       "      <td>4.28</td>\n",
       "      <td>2.26</td>\n",
       "      <td>20.0</td>\n",
       "      <td>120</td>\n",
       "      <td>1.59</td>\n",
       "      <td>0.69</td>\n",
       "      <td>0.43</td>\n",
       "      <td>1.35</td>\n",
       "      <td>10.2</td>\n",
       "      <td>0.59</td>\n",
       "      <td>1.56</td>\n",
       "      <td>835</td>\n",
       "    </tr>\n",
       "    <tr>\n",
       "      <th>176</th>\n",
       "      <td>3</td>\n",
       "      <td>13.17</td>\n",
       "      <td>2.59</td>\n",
       "      <td>2.37</td>\n",
       "      <td>20.0</td>\n",
       "      <td>120</td>\n",
       "      <td>1.65</td>\n",
       "      <td>0.68</td>\n",
       "      <td>0.53</td>\n",
       "      <td>1.46</td>\n",
       "      <td>9.3</td>\n",
       "      <td>0.60</td>\n",
       "      <td>1.62</td>\n",
       "      <td>840</td>\n",
       "    </tr>\n",
       "    <tr>\n",
       "      <th>177</th>\n",
       "      <td>3</td>\n",
       "      <td>14.13</td>\n",
       "      <td>4.10</td>\n",
       "      <td>2.74</td>\n",
       "      <td>24.5</td>\n",
       "      <td>96</td>\n",
       "      <td>2.05</td>\n",
       "      <td>0.76</td>\n",
       "      <td>0.56</td>\n",
       "      <td>1.35</td>\n",
       "      <td>9.2</td>\n",
       "      <td>0.61</td>\n",
       "      <td>1.60</td>\n",
       "      <td>560</td>\n",
       "    </tr>\n",
       "  </tbody>\n",
       "</table>\n",
       "</div>"
      ],
      "text/plain": [
       "     0      1     2     3     4    5     6     7     8     9     10    11  \\\n",
       "173   3  13.71  5.65  2.45  20.5   95  1.68  0.61  0.52  1.06   7.7  0.64   \n",
       "174   3  13.40  3.91  2.48  23.0  102  1.80  0.75  0.43  1.41   7.3  0.70   \n",
       "175   3  13.27  4.28  2.26  20.0  120  1.59  0.69  0.43  1.35  10.2  0.59   \n",
       "176   3  13.17  2.59  2.37  20.0  120  1.65  0.68  0.53  1.46   9.3  0.60   \n",
       "177   3  14.13  4.10  2.74  24.5   96  2.05  0.76  0.56  1.35   9.2  0.61   \n",
       "\n",
       "       12   13  \n",
       "173  1.74  740  \n",
       "174  1.56  750  \n",
       "175  1.56  835  \n",
       "176  1.62  840  \n",
       "177  1.60  560  "
      ]
     },
     "execution_count": 5,
     "metadata": {},
     "output_type": "execute_result"
    }
   ],
   "source": [
    "dat_wine.tail()"
   ]
  },
  {
   "cell_type": "code",
   "execution_count": 6,
   "metadata": {},
   "outputs": [
    {
     "name": "stdout",
     "output_type": "stream",
     "text": [
      "class label: [1 2 3]\n"
     ]
    }
   ],
   "source": [
    "dat_wine.columns = ['class label',\n",
    "                   'alchohol',\n",
    "                   'malic acid',\n",
    "                   'ash',\n",
    "                   'alcalinity of ash',\n",
    "                   'magnesium',\n",
    "                   'total phenols',\n",
    "                   'flavanoids',\n",
    "                   'nonflavanoid phenols',\n",
    "                   'proanthocyanins',\n",
    "                   'color intensity',\n",
    "                   'hue',\n",
    "                   'OD208',\n",
    "                   'proline'\n",
    "                   ]\n",
    "\n",
    "print('class label:', np.unique(dat_wine['class label']))"
   ]
  },
  {
   "cell_type": "code",
   "execution_count": 7,
   "metadata": {},
   "outputs": [
    {
     "data": {
      "text/html": [
       "<div>\n",
       "<style scoped>\n",
       "    .dataframe tbody tr th:only-of-type {\n",
       "        vertical-align: middle;\n",
       "    }\n",
       "\n",
       "    .dataframe tbody tr th {\n",
       "        vertical-align: top;\n",
       "    }\n",
       "\n",
       "    .dataframe thead th {\n",
       "        text-align: right;\n",
       "    }\n",
       "</style>\n",
       "<table border=\"1\" class=\"dataframe\">\n",
       "  <thead>\n",
       "    <tr style=\"text-align: right;\">\n",
       "      <th></th>\n",
       "      <th>class label</th>\n",
       "      <th>alchohol</th>\n",
       "      <th>malic acid</th>\n",
       "      <th>ash</th>\n",
       "      <th>alcalinity of ash</th>\n",
       "      <th>magnesium</th>\n",
       "      <th>total phenols</th>\n",
       "      <th>flavanoids</th>\n",
       "      <th>nonflavanoid phenols</th>\n",
       "      <th>proanthocyanins</th>\n",
       "      <th>color intensity</th>\n",
       "      <th>hue</th>\n",
       "      <th>OD208</th>\n",
       "      <th>proline</th>\n",
       "    </tr>\n",
       "  </thead>\n",
       "  <tbody>\n",
       "    <tr>\n",
       "      <th>0</th>\n",
       "      <td>1</td>\n",
       "      <td>14.23</td>\n",
       "      <td>1.71</td>\n",
       "      <td>2.43</td>\n",
       "      <td>15.6</td>\n",
       "      <td>127</td>\n",
       "      <td>2.80</td>\n",
       "      <td>3.06</td>\n",
       "      <td>0.28</td>\n",
       "      <td>2.29</td>\n",
       "      <td>5.64</td>\n",
       "      <td>1.04</td>\n",
       "      <td>3.92</td>\n",
       "      <td>1065</td>\n",
       "    </tr>\n",
       "    <tr>\n",
       "      <th>1</th>\n",
       "      <td>1</td>\n",
       "      <td>13.20</td>\n",
       "      <td>1.78</td>\n",
       "      <td>2.14</td>\n",
       "      <td>11.2</td>\n",
       "      <td>100</td>\n",
       "      <td>2.65</td>\n",
       "      <td>2.76</td>\n",
       "      <td>0.26</td>\n",
       "      <td>1.28</td>\n",
       "      <td>4.38</td>\n",
       "      <td>1.05</td>\n",
       "      <td>3.40</td>\n",
       "      <td>1050</td>\n",
       "    </tr>\n",
       "    <tr>\n",
       "      <th>2</th>\n",
       "      <td>1</td>\n",
       "      <td>13.16</td>\n",
       "      <td>2.36</td>\n",
       "      <td>2.67</td>\n",
       "      <td>18.6</td>\n",
       "      <td>101</td>\n",
       "      <td>2.80</td>\n",
       "      <td>3.24</td>\n",
       "      <td>0.30</td>\n",
       "      <td>2.81</td>\n",
       "      <td>5.68</td>\n",
       "      <td>1.03</td>\n",
       "      <td>3.17</td>\n",
       "      <td>1185</td>\n",
       "    </tr>\n",
       "    <tr>\n",
       "      <th>3</th>\n",
       "      <td>1</td>\n",
       "      <td>14.37</td>\n",
       "      <td>1.95</td>\n",
       "      <td>2.50</td>\n",
       "      <td>16.8</td>\n",
       "      <td>113</td>\n",
       "      <td>3.85</td>\n",
       "      <td>3.49</td>\n",
       "      <td>0.24</td>\n",
       "      <td>2.18</td>\n",
       "      <td>7.80</td>\n",
       "      <td>0.86</td>\n",
       "      <td>3.45</td>\n",
       "      <td>1480</td>\n",
       "    </tr>\n",
       "    <tr>\n",
       "      <th>4</th>\n",
       "      <td>1</td>\n",
       "      <td>13.24</td>\n",
       "      <td>2.59</td>\n",
       "      <td>2.87</td>\n",
       "      <td>21.0</td>\n",
       "      <td>118</td>\n",
       "      <td>2.80</td>\n",
       "      <td>2.69</td>\n",
       "      <td>0.39</td>\n",
       "      <td>1.82</td>\n",
       "      <td>4.32</td>\n",
       "      <td>1.04</td>\n",
       "      <td>2.93</td>\n",
       "      <td>735</td>\n",
       "    </tr>\n",
       "  </tbody>\n",
       "</table>\n",
       "</div>"
      ],
      "text/plain": [
       "   class label  alchohol  malic acid   ash  alcalinity of ash  magnesium  \\\n",
       "0            1     14.23        1.71  2.43               15.6        127   \n",
       "1            1     13.20        1.78  2.14               11.2        100   \n",
       "2            1     13.16        2.36  2.67               18.6        101   \n",
       "3            1     14.37        1.95  2.50               16.8        113   \n",
       "4            1     13.24        2.59  2.87               21.0        118   \n",
       "\n",
       "   total phenols  flavanoids  nonflavanoid phenols  proanthocyanins  \\\n",
       "0           2.80        3.06                  0.28             2.29   \n",
       "1           2.65        2.76                  0.26             1.28   \n",
       "2           2.80        3.24                  0.30             2.81   \n",
       "3           3.85        3.49                  0.24             2.18   \n",
       "4           2.80        2.69                  0.39             1.82   \n",
       "\n",
       "   color intensity   hue  OD208  proline  \n",
       "0             5.64  1.04   3.92     1065  \n",
       "1             4.38  1.05   3.40     1050  \n",
       "2             5.68  1.03   3.17     1185  \n",
       "3             7.80  0.86   3.45     1480  \n",
       "4             4.32  1.04   2.93      735  "
      ]
     },
     "execution_count": 7,
     "metadata": {},
     "output_type": "execute_result"
    }
   ],
   "source": [
    "dat_wine.head()"
   ]
  },
  {
   "cell_type": "code",
   "execution_count": 8,
   "metadata": {},
   "outputs": [
    {
     "data": {
      "text/html": [
       "<div>\n",
       "<style scoped>\n",
       "    .dataframe tbody tr th:only-of-type {\n",
       "        vertical-align: middle;\n",
       "    }\n",
       "\n",
       "    .dataframe tbody tr th {\n",
       "        vertical-align: top;\n",
       "    }\n",
       "\n",
       "    .dataframe thead th {\n",
       "        text-align: right;\n",
       "    }\n",
       "</style>\n",
       "<table border=\"1\" class=\"dataframe\">\n",
       "  <thead>\n",
       "    <tr style=\"text-align: right;\">\n",
       "      <th></th>\n",
       "      <th>class label</th>\n",
       "      <th>alchohol</th>\n",
       "      <th>malic acid</th>\n",
       "      <th>ash</th>\n",
       "      <th>alcalinity of ash</th>\n",
       "      <th>magnesium</th>\n",
       "      <th>total phenols</th>\n",
       "      <th>flavanoids</th>\n",
       "      <th>nonflavanoid phenols</th>\n",
       "      <th>proanthocyanins</th>\n",
       "      <th>color intensity</th>\n",
       "      <th>hue</th>\n",
       "      <th>OD208</th>\n",
       "      <th>proline</th>\n",
       "    </tr>\n",
       "  </thead>\n",
       "  <tbody>\n",
       "    <tr>\n",
       "      <th>173</th>\n",
       "      <td>3</td>\n",
       "      <td>13.71</td>\n",
       "      <td>5.65</td>\n",
       "      <td>2.45</td>\n",
       "      <td>20.5</td>\n",
       "      <td>95</td>\n",
       "      <td>1.68</td>\n",
       "      <td>0.61</td>\n",
       "      <td>0.52</td>\n",
       "      <td>1.06</td>\n",
       "      <td>7.7</td>\n",
       "      <td>0.64</td>\n",
       "      <td>1.74</td>\n",
       "      <td>740</td>\n",
       "    </tr>\n",
       "    <tr>\n",
       "      <th>174</th>\n",
       "      <td>3</td>\n",
       "      <td>13.40</td>\n",
       "      <td>3.91</td>\n",
       "      <td>2.48</td>\n",
       "      <td>23.0</td>\n",
       "      <td>102</td>\n",
       "      <td>1.80</td>\n",
       "      <td>0.75</td>\n",
       "      <td>0.43</td>\n",
       "      <td>1.41</td>\n",
       "      <td>7.3</td>\n",
       "      <td>0.70</td>\n",
       "      <td>1.56</td>\n",
       "      <td>750</td>\n",
       "    </tr>\n",
       "    <tr>\n",
       "      <th>175</th>\n",
       "      <td>3</td>\n",
       "      <td>13.27</td>\n",
       "      <td>4.28</td>\n",
       "      <td>2.26</td>\n",
       "      <td>20.0</td>\n",
       "      <td>120</td>\n",
       "      <td>1.59</td>\n",
       "      <td>0.69</td>\n",
       "      <td>0.43</td>\n",
       "      <td>1.35</td>\n",
       "      <td>10.2</td>\n",
       "      <td>0.59</td>\n",
       "      <td>1.56</td>\n",
       "      <td>835</td>\n",
       "    </tr>\n",
       "    <tr>\n",
       "      <th>176</th>\n",
       "      <td>3</td>\n",
       "      <td>13.17</td>\n",
       "      <td>2.59</td>\n",
       "      <td>2.37</td>\n",
       "      <td>20.0</td>\n",
       "      <td>120</td>\n",
       "      <td>1.65</td>\n",
       "      <td>0.68</td>\n",
       "      <td>0.53</td>\n",
       "      <td>1.46</td>\n",
       "      <td>9.3</td>\n",
       "      <td>0.60</td>\n",
       "      <td>1.62</td>\n",
       "      <td>840</td>\n",
       "    </tr>\n",
       "    <tr>\n",
       "      <th>177</th>\n",
       "      <td>3</td>\n",
       "      <td>14.13</td>\n",
       "      <td>4.10</td>\n",
       "      <td>2.74</td>\n",
       "      <td>24.5</td>\n",
       "      <td>96</td>\n",
       "      <td>2.05</td>\n",
       "      <td>0.76</td>\n",
       "      <td>0.56</td>\n",
       "      <td>1.35</td>\n",
       "      <td>9.2</td>\n",
       "      <td>0.61</td>\n",
       "      <td>1.60</td>\n",
       "      <td>560</td>\n",
       "    </tr>\n",
       "  </tbody>\n",
       "</table>\n",
       "</div>"
      ],
      "text/plain": [
       "     class label  alchohol  malic acid   ash  alcalinity of ash  magnesium  \\\n",
       "173            3     13.71        5.65  2.45               20.5         95   \n",
       "174            3     13.40        3.91  2.48               23.0        102   \n",
       "175            3     13.27        4.28  2.26               20.0        120   \n",
       "176            3     13.17        2.59  2.37               20.0        120   \n",
       "177            3     14.13        4.10  2.74               24.5         96   \n",
       "\n",
       "     total phenols  flavanoids  nonflavanoid phenols  proanthocyanins  \\\n",
       "173           1.68        0.61                  0.52             1.06   \n",
       "174           1.80        0.75                  0.43             1.41   \n",
       "175           1.59        0.69                  0.43             1.35   \n",
       "176           1.65        0.68                  0.53             1.46   \n",
       "177           2.05        0.76                  0.56             1.35   \n",
       "\n",
       "     color intensity   hue  OD208  proline  \n",
       "173              7.7  0.64   1.74      740  \n",
       "174              7.3  0.70   1.56      750  \n",
       "175             10.2  0.59   1.56      835  \n",
       "176              9.3  0.60   1.62      840  \n",
       "177              9.2  0.61   1.60      560  "
      ]
     },
     "execution_count": 8,
     "metadata": {},
     "output_type": "execute_result"
    }
   ],
   "source": [
    "dat_wine.tail()"
   ]
  },
  {
   "cell_type": "code",
   "execution_count": 9,
   "metadata": {},
   "outputs": [],
   "source": [
    "from sklearn.model_selection import train_test_split\n",
    "X, y = dat_wine.iloc[:, 1:].values, dat_wine.iloc[:, 0].values\n",
    "X_train, X_test, y_train, y_test = train_test_split(X, y, test_size=0.3, random_state=1, stratify=y)"
   ]
  },
  {
   "cell_type": "markdown",
   "metadata": {},
   "source": [
    "### LinearDiscriminantAnalysis - Linear"
   ]
  },
  {
   "cell_type": "code",
   "execution_count": 10,
   "metadata": {},
   "outputs": [],
   "source": [
    "from sklearn.discriminant_analysis import LinearDiscriminantAnalysis\n",
    "cld = LinearDiscriminantAnalysis(store_covariance=True)\n",
    "cld.fit(X_train, y_train)\n",
    "y_train_pred = cld.predict(X_train)\n",
    "y_test_pred = cld.predict(X_test)"
   ]
  },
  {
   "cell_type": "code",
   "execution_count": 11,
   "metadata": {},
   "outputs": [
    {
     "name": "stdout",
     "output_type": "stream",
     "text": [
      "1.0\n",
      "0.9814814814814815\n"
     ]
    }
   ],
   "source": [
    "from sklearn.metrics import accuracy_score\n",
    "print(accuracy_score(y_train, y_train_pred))\n",
    "print(accuracy_score(y_test, y_test_pred))"
   ]
  },
  {
   "cell_type": "code",
   "execution_count": 12,
   "metadata": {},
   "outputs": [
    {
     "name": "stdout",
     "output_type": "stream",
     "text": [
      "[[1.36785366e+01 2.02317073e+00 2.45439024e+00 1.71365854e+01\n",
      "  1.05341463e+02 2.86219512e+00 3.02731707e+00 2.89268293e-01\n",
      "  1.95634146e+00 5.52000000e+00 1.06878049e+00 3.15609756e+00\n",
      "  1.11382927e+03]\n",
      " [1.22118000e+01 2.02160000e+00 2.27140000e+00 2.06780000e+01\n",
      "  9.34000000e+01 2.21060000e+00 2.04080000e+00 3.84000000e-01\n",
      "  1.58700000e+00 3.04620000e+00 1.04052000e+00 2.77820000e+00\n",
      "  4.94980000e+02]\n",
      " [1.31745455e+01 3.56666667e+00 2.42181818e+00 2.13181818e+01\n",
      "  1.00212121e+02 1.68151515e+00 7.77878788e-01 4.48787879e-01\n",
      "  1.17727273e+00 7.49424242e+00 6.86363636e-01 1.68090909e+00\n",
      "  6.49090909e+02]]\n"
     ]
    }
   ],
   "source": [
    "print(cld.means_)"
   ]
  },
  {
   "cell_type": "code",
   "execution_count": 13,
   "metadata": {},
   "outputs": [
    {
     "name": "stdout",
     "output_type": "stream",
     "text": [
      "[1.29529839e+01 2.43330645e+00 2.37193548e+00 1.96774194e+01\n",
      " 9.91612903e+01 2.28524194e+00 2.03088710e+00 3.69919355e-01\n",
      " 1.60008065e+00 5.04790323e+00 9.55612903e-01 2.61112903e+00\n",
      " 7.40612903e+02]\n"
     ]
    }
   ],
   "source": [
    "print(cld.xbar_)"
   ]
  },
  {
   "cell_type": "code",
   "execution_count": 14,
   "metadata": {},
   "outputs": [
    {
     "name": "stdout",
     "output_type": "stream",
     "text": [
      "[[ 2.41615068e-01  3.84592439e-02 -5.24867188e-03 -2.30283993e-03\n",
      "  -7.86881482e-02  1.11713745e-02  1.33361710e-02 -4.67113583e-04\n",
      "   1.07053192e-02  1.77454884e-01  4.91173257e-04 -1.62968428e-02\n",
      "   8.54595097e+00]\n",
      " [ 3.84592439e-02  8.32381396e-01  2.83227199e-02  4.00338741e-01\n",
      "  -5.87202072e-01 -9.42715080e-03 -9.52135930e-03  7.35759507e-03\n",
      "   4.69856098e-02 -1.45330075e-01 -4.62261537e-02  5.60318655e-02\n",
      "  -2.84926307e+01]\n",
      " [-5.24867188e-03  2.83227199e-02  6.80395376e-02  4.91619869e-01\n",
      "   5.99821043e-01  2.86110643e-02  5.76375339e-02  7.22680996e-03\n",
      "   4.46800139e-03  5.20767053e-02  3.63662334e-03  2.06618862e-02\n",
      "  -5.77687326e-02]\n",
      " [-2.30283993e-03  4.00338741e-01  4.91619869e-01  8.43814527e+00\n",
      "   4.38952042e+00  1.97406921e-01  4.41501428e-01  4.11469745e-02\n",
      "   1.66482453e-01  5.67441496e-02  9.41799084e-04  3.51744582e-01\n",
      "   4.43128671e+00]\n",
      " [-7.86881482e-02 -5.87202072e-01  5.99821043e-01  4.38952042e+00\n",
      "   1.48134957e+02  8.43279534e-01  1.38061621e+00 -3.28155413e-01\n",
      "   5.56857342e-01  3.61988954e+00  1.89694578e-01  9.87314927e-03\n",
      "   3.46630273e+02]\n",
      " [ 1.11713745e-02 -9.42715080e-03  2.86110643e-02  1.97406921e-01\n",
      "   8.43279534e-01  1.86017812e-01  1.59137286e-01 -7.54268984e-03\n",
      "   8.76585132e-02  1.57237918e-01  3.01625786e-03  6.87287078e-02\n",
      "   8.58775339e+00]\n",
      " [ 1.33361710e-02 -9.52135930e-03  5.76375339e-02  4.41501428e-01\n",
      "   1.38061621e+00  1.59137286e-01  2.85851003e-01 -1.42042366e-02\n",
      "   1.24633279e-01  3.07526201e-01 -4.07281848e-03  7.69702126e-02\n",
      "   6.35732567e+00]\n",
      " [-4.67113583e-04  7.35759507e-03  7.22680996e-03  4.11469745e-02\n",
      "  -3.28155413e-01 -7.54268984e-03 -1.42042366e-02  1.25695933e-02\n",
      "  -9.75257135e-03  2.78652981e-03  9.21402904e-04 -1.28671025e-02\n",
      "   3.05100923e-01]\n",
      " [ 1.07053192e-02  4.69856098e-02  4.46800139e-03  1.66482453e-01\n",
      "   5.56857342e-01  8.76585132e-02  1.24633279e-01 -9.75257135e-03\n",
      "   2.19942385e-01  2.02321870e-01 -7.37348548e-03  5.10961811e-02\n",
      "   1.14237062e+01]\n",
      " [ 1.77454884e-01 -1.45330075e-01  5.20767053e-02  5.67441496e-02\n",
      "   3.61988954e+00  1.57237918e-01  3.07526201e-01  2.78652981e-03\n",
      "   2.02321870e-01  2.19148052e+00 -3.74886460e-02 -1.11019913e-01\n",
      "   7.34130119e+01]\n",
      " [ 4.91173257e-04 -4.62261537e-02  3.63662334e-03  9.41799084e-04\n",
      "   1.89694578e-01  3.01625786e-03 -4.07281848e-03  9.21402904e-04\n",
      "  -7.37348548e-03 -3.74886460e-02  2.56624608e-02 -3.25483251e-03\n",
      "   3.92341042e+00]\n",
      " [-1.62968428e-02  5.60318655e-02  2.06618862e-02  3.51744582e-01\n",
      "   9.87314927e-03  6.87287078e-02  7.69702126e-02 -1.28671025e-02\n",
      "   5.10961811e-02 -1.11019913e-01 -3.25483251e-03  1.68851503e-01\n",
      "  -9.00799874e+00]\n",
      " [ 8.54595097e+00 -2.84926307e+01 -5.77687326e-02  4.43128671e+00\n",
      "   3.46630273e+02  8.58775339e+00  6.35732567e+00  3.05100923e-01\n",
      "   1.14237062e+01  7.34130119e+01  3.92341042e+00 -9.00799874e+00\n",
      "   2.91865283e+04]]\n"
     ]
    }
   ],
   "source": [
    "print(cld.covariance_)"
   ]
  },
  {
   "cell_type": "code",
   "execution_count": 15,
   "metadata": {},
   "outputs": [
    {
     "name": "stdout",
     "output_type": "stream",
     "text": [
      "[-67.42856949  36.51807749  -1.65569344]\n"
     ]
    }
   ],
   "source": [
    "print(cld.intercept_)"
   ]
  },
  {
   "cell_type": "code",
   "execution_count": 16,
   "metadata": {},
   "outputs": [
    {
     "name": "stdout",
     "output_type": "stream",
     "text": [
      "[[ 3.31363106e+00 -1.50074077e-01  3.52564251e+00 -8.89161617e-01\n",
      "   1.52342343e-02 -2.17293267e+00  5.03235438e+00  3.12123703e+00\n",
      "  -6.92880046e-01 -8.98897257e-01  1.13259908e+00  4.18153518e+00\n",
      "   1.45033209e-02]\n",
      " [-2.46059543e+00 -5.42764250e-01 -5.84259880e+00  3.74068465e-01\n",
      "  -7.58334217e-03 -6.65402628e-01  2.13832396e+00  5.34725357e+00\n",
      "   4.54059921e-01 -5.81709854e-01  3.80466959e+00 -3.06608438e-01\n",
      "  -7.64653043e-03]\n",
      " [-3.88760666e-01  1.00882575e+00  4.47207870e+00  5.37945547e-01\n",
      "  -7.43746969e-03  3.70789002e+00 -9.49220387e+00 -1.19797999e+01\n",
      "   1.72881390e-01  1.99819031e+00 -7.17181945e+00 -4.73068243e+00\n",
      "  -6.43362530e-03]]\n"
     ]
    }
   ],
   "source": [
    "print(cld.coef_)"
   ]
  },
  {
   "cell_type": "code",
   "execution_count": 17,
   "metadata": {},
   "outputs": [
    {
     "name": "stdout",
     "output_type": "stream",
     "text": [
      "[[18  0  0]\n",
      " [ 0 20  1]\n",
      " [ 0  0 15]]\n"
     ]
    }
   ],
   "source": [
    "from sklearn.metrics import confusion_matrix\n",
    "print(confusion_matrix(y_test, y_test_pred))"
   ]
  },
  {
   "cell_type": "code",
   "execution_count": 18,
   "metadata": {},
   "outputs": [
    {
     "name": "stdout",
     "output_type": "stream",
     "text": [
      "[[4.82027630e-11 9.53699966e-06 9.99990463e-01]\n",
      " [4.16120014e-19 1.20023483e-09 9.99999999e-01]\n",
      " [4.13851085e-15 2.75591141e-12 1.00000000e+00]\n",
      " [7.51250315e-05 9.99924835e-01 3.97700359e-08]\n",
      " [5.24688464e-07 9.99999475e-01 9.27968095e-16]]\n"
     ]
    }
   ],
   "source": [
    "print(cld.predict_proba(X_test[:5,]))"
   ]
  },
  {
   "cell_type": "markdown",
   "metadata": {},
   "source": [
    "### 이차판별분석 - QuadraticDiscriminantAnalysis"
   ]
  },
  {
   "cell_type": "code",
   "execution_count": 20,
   "metadata": {},
   "outputs": [],
   "source": [
    "from sklearn.discriminant_analysis import QuadraticDiscriminantAnalysis\n",
    "cqd = QuadraticDiscriminantAnalysis()\n",
    "cqd.fit(X_train, y_train)\n",
    "y_train_pred = cqd.predict(X_train)\n",
    "y_test_pred = cqd.predict(X_test)"
   ]
  },
  {
   "cell_type": "code",
   "execution_count": 21,
   "metadata": {},
   "outputs": [
    {
     "name": "stdout",
     "output_type": "stream",
     "text": [
      "1.0\n",
      "0.9629629629629629\n"
     ]
    }
   ],
   "source": [
    "from sklearn.metrics import accuracy_score\n",
    "print(accuracy_score(y_train, y_train_pred))\n",
    "print(accuracy_score(y_test, y_test_pred))"
   ]
  },
  {
   "cell_type": "code",
   "execution_count": 22,
   "metadata": {},
   "outputs": [
    {
     "name": "stdout",
     "output_type": "stream",
     "text": [
      "[[18  0  0]\n",
      " [ 1 20  0]\n",
      " [ 0  1 14]]\n"
     ]
    }
   ],
   "source": [
    "from sklearn.metrics import confusion_matrix\n",
    "print(confusion_matrix(y_test, y_test_pred))"
   ]
  },
  {
   "cell_type": "markdown",
   "metadata": {},
   "source": [
    "### Naive Bayesian"
   ]
  },
  {
   "cell_type": "code",
   "execution_count": 28,
   "metadata": {},
   "outputs": [
    {
     "name": "stdout",
     "output_type": "stream",
     "text": [
      "[1]\n"
     ]
    }
   ],
   "source": [
    "from sklearn.naive_bayes import MultinomialNB\n",
    "mnb = MultinomialNB()\n",
    "mnb.fit(X, y)\n",
    "print(mnb.predict(X[1:2,]))"
   ]
  },
  {
   "cell_type": "code",
   "execution_count": 29,
   "metadata": {},
   "outputs": [],
   "source": [
    "from sklearn.naive_bayes import GaussianNB\n",
    "gnb = GaussianNB()\n",
    "gnb.fit(X_train, y_train)\n",
    "y_test_pred = gnb.predict(X_test)"
   ]
  },
  {
   "cell_type": "code",
   "execution_count": 33,
   "metadata": {},
   "outputs": [
    {
     "name": "stdout",
     "output_type": "stream",
     "text": [
      "1.0\n",
      "0.9814814814814815\n"
     ]
    }
   ],
   "source": [
    "from sklearn.metrics import accuracy_score\n",
    "print(accuracy_score(y_train, y_train_pred))\n",
    "print(accuracy_score(y_test, y_test_pred))"
   ]
  },
  {
   "cell_type": "code",
   "execution_count": null,
   "metadata": {},
   "outputs": [],
   "source": []
  }
 ],
 "metadata": {
  "kernelspec": {
   "display_name": "Python 3",
   "language": "python",
   "name": "python3"
  },
  "language_info": {
   "codemirror_mode": {
    "name": "ipython",
    "version": 3
   },
   "file_extension": ".py",
   "mimetype": "text/x-python",
   "name": "python",
   "nbconvert_exporter": "python",
   "pygments_lexer": "ipython3",
   "version": "3.7.6"
  }
 },
 "nbformat": 4,
 "nbformat_minor": 4
}
